4 11 12 14 25 29 49 50 52 54 56 57 59 
12 16 21 24 29 49 50 51 55 57 59 
4 12 14 16 23 29 55 56 59 
4 11 12 14 23 24 25 29 50 54 56 57 59 
4 12 14 23 25 29 50 54 56 57 59 
4 12 14 16 21 24 25 51 55 57 59 
4 14 29 38 49 50 54 55 56 57 58 59 
11 12 14 23 24 25 29 50 54 56 57 59 
4 11 14 24 25 29 49 50 54 56 57 59 
4 16 21 24 25 29 38 50 55 56 57 59 
4 11 12 21 25 29 49 50 51 54 56 57 58 59 
14 21 25 38 51 52 55 56 59 
11 21 23 50 56 57 59 
4 11 12 14 23 29 49 50 54 55 56 57 58 59 
4 11 14 24 25 29 49 50 52 54 56 59 
11 12 23 29 49 50 51 54 56 57 59 
4 12 16 21 23 24 29 38 51 54 55 57 59 
12 14 16 23 24 29 50 54 57 59 
11 14 23 24 25 29 49 50 54 56 57 59 
16 21 23 29 38 51 54 58 
4 11 14 16 23 24 25 29 52 54 55 56 57 59 
4 12 14 25 29 49 50 52 54 56 57 59 
4 11 12 14 23 25 29 50 54 56 
4 11 12 14 23 25 29 49 54 56 57 59 
4 11 14 25 38 49 50 54 56 57 59 
4 11 23 51 54 55 56 57 59 
4 11 16 23 24 29 50 51 54 56 58 59 
4 11 12 16 23 25 29 49 50 52 54 56 59 
16 21 23 24 50 54 56 57 59 
11 12 14 23 29 49 54 56 57 59 
4 11 12 16 21 23 24 25 29 38 49 50 52 54 56 57 59 
4 11 12 23 25 29 49 50 52 54 55 56 57 59 
4 11 14 23 29 50 54 56 57 59 
4 11 12 21 25 29 49 50 56 57 59 
11 12 14 23 25 29 49 50 54 56 57 59 
11 14 24 25 38 49 50 54 56 57 59 
4 11 12 16 21 29 50 55 56 57 59 
4 12 23 29 49 50 51 55 56 59 
4 11 12 24 25 49 54 56 57 58 59 
4 11 14 21 23 25 29 38 49 50 51 52 54 56 59 
11 14 16 23 25 29 38 50 52 56 58 
4 11 12 14 23 29 49 50 54 55 56 57 59 
4 11 12 14 23 25 49 50 54 56 57 59 
4 11 12 16 23 24 25 29 54 56 57 59 
4 11 14 21 23 24 29 50 54 56 57 59 
4 23 29 38 49 51 52 54 56 57 59 
12 14 21 25 29 38 49 51 52 54 56 57 59 
4 16 24 25 29 50 51 54 56 57 58 59 
4 11 12 14 16 21 23 25 29 49 50 54 56 57 59 
11 14 16 24 29 49 50 54 55 56 59 
4 11 12 14 23 25 29 50 51 54 56 57 59 
16 21 51 52 54 56 57 59 
11 14 21 23 24 25 29 38 50 52 54 56 57 
4 11 12 14 21 23 24 25 29 38 50 51 54 56 57 59 
4 11 12 14 23 24 25 29 49 54 56 57 59 
4 11 12 23 25 29 49 50 54 56 57 59 
11 12 14 21 23 25 29 38 49 50 52 54 56 57 59 
4 12 14 21 25 50 54 56 57 59 
4 11 12 14 23 25 29 38 49 50 51 54 56 57 59 
4 12 14 24 25 38 50 54 56 57 59 
11 25 52 55 56 57 58 
11 14 23 24 29 49 50 57 58 59 
4 11 12 14 23 25 50 52 54 56 57 59 
11 14 21 25 29 49 50 54 56 57 59 
4 12 14 23 24 49 50 54 56 
4 11 12 23 24 25 29 49 50 54 56 57 59 
11 12 14 23 25 29 49 50 54 55 56 57 
4 14 23 24 29 49 50 54 56 57 59 
12 25 29 38 54 55 58 59 
4 11 12 16 23 25 50 54 56 57 
11 12 23 25 29 49 50 54 56 57 59 
4 11 23 24 25 29 50 54 56 57 59 
4 11 12 14 24 29 49 50 51 54 56 57 59 
4 14 16 21 29 49 50 55 59 
4 16 23 25 29 49 50 52 54 55 56 59 
4 11 12 14 23 25 29 38 49 50 54 56 57 59 
4 11 23 24 49 51 55 56 58 
4 11 12 14 23 29 49 50 54 59 
4 12 16 23 25 50 54 56 57 59 
4 14 21 23 24 38 54 56 57 
4 11 12 14 23 25 29 49 50 56 57 59 
14 16 24 29 50 51 52 55 56 57 
11 12 14 21 24 25 29 49 50 52 56 57 59 
4 11 12 14 16 21 23 25 29 38 50 51 54 56 57 59 
4 11 14 23 25 29 49 50 52 54 56 57 59 
4 11 16 23 25 29 38 49 50 54 56 59 
4 12 38 51 52 56 57 59 
4 11 12 14 16 23 25 29 38 49 50 54 56 57 
12 14 16 21 23 38 49 50 54 56 58 59 
4 11 12 14 38 49 56 57 59 
23 24 25 49 51 54 55 56 57 58 
4 11 12 14 23 25 29 50 54 56 57 59 
4 11 12 16 21 23 24 25 29 49 52 54 57 59 
11 21 29 38 50 54 56 57 59 
4 11 14 23 25 52 54 56 57 59 
4 11 12 14 16 24 25 49 50 51 55 56 57 59 
4 11 23 24 25 29 49 51 54 55 57 59 
12 21 23 25 38 49 50 56 57 59 
11 12 14 16 21 24 29 50 51 52 54 55 56 59 
24 29 38 49 54 55 56 
4 11 12 14 16 23 24 29 49 50 54 56 57 59 
12 16 21 25 29 52 54 55 58 
4 11 12 14 23 29 49 50 52 54 55 56 57 59 
11 12 14 24 25 29 49 50 54 56 57 59 
12 16 24 38 50 54 56 59 
11 12 14 23 24 29 50 51 52 54 56 57 59 
4 11 12 14 16 23 24 25 29 51 54 55 56 57 59 
11 14 16 23 25 29 49 50 54 55 56 57 58 59 
4 11 14 21 23 25 38 50 54 56 57 59 
11 16 25 29 38 50 54 56 57 59 
11 12 14 16 23 38 50 54 56 57 59 
12 16 21 29 38 49 50 54 56 57 59 
4 11 12 14 21 23 25 29 49 50 51 54 56 57 59 
11 23 25 29 49 50 52 54 56 58 
11 12 23 25 29 49 54 55 56 59 
4 11 12 23 25 29 49 54 56 57 58 59 
4 11 12 14 23 25 29 49 50 51 54 56 57 59 
11 23 25 29 54 56 57 58 59 
11 16 23 24 25 29 50 54 56 57 59 
4 14 16 21 23 29 49 50 54 56 59 
14 16 23 24 25 49 50 54 55 56 57 58 59 
4 12 23 25 29 49 50 54 56 57 59 
4 11 14 23 25 29 49 50 54 57 
4 12 21 23 29 49 50 54 56 57 59 
4 11 12 14 21 23 49 50 56 57 59 
11 12 16 21 23 25 29 51 54 57 58 59 
4 16 21 23 25 29 52 56 57 59 
4 12 14 16 21 29 49 52 54 56 57 59 
16 24 25 29 54 56 57 58 59 
4 11 14 21 23 29 49 50 54 57 58 59 
11 12 21 23 25 29 49 52 54 55 56 57 59 
11 21 23 24 38 50 54 56 57 59 
4 12 23 29 50 52 54 56 58 59 
4 16 21 29 51 52 54 55 57 59 
4 14 23 24 49 50 54 55 56 57 
4 11 12 14 24 25 29 49 50 54 56 57 59 
4 11 14 23 29 49 50 51 54 56 57 59 
4 11 12 16 21 23 24 29 49 54 56 57 59 
4 14 16 21 24 25 49 51 52 54 59 
11 14 23 29 50 55 56 57 58 
16 21 24 25 29 50 51 54 56 57 59 
12 23 24 25 29 38 49 50 54 55 56 57 59 
4 11 23 25 38 49 50 54 55 57 59 
11 12 14 23 38 50 54 56 57 58 59 
4 11 12 23 29 49 50 54 56 57 59 
16 24 25 51 52 54 56 57 59 
4 14 16 23 25 29 49 50 52 54 56 57 59 
4 11 14 23 25 49 50 52 54 56 57 58 59 
4 11 12 23 25 38 49 50 54 56 57 59 
11 12 16 54 59 
4 11 12 14 23 25 29 49 50 52 54 56 57 59 
4 11 12 23 29 49 50 52 57 
11 14 23 25 38 49 51 54 59 
4 11 16 21 23 24 25 29 49 50 54 56 57 59 
4 11 12 14 25 29 38 54 56 57 
4 12 14 23 25 49 52 54 56 59 
14 16 23 29 49 50 57 59 
4 12 16 21 23 25 49 50 52 57 58 59 
4 11 21 24 29 38 49 52 56 57 59 
11 12 14 16 29 38 49 50 54 56 57 59 
12 16 21 23 24 49 50 51 52 54 55 59 
4 11 12 23 25 50 54 56 57 59 
12 16 21 24 25 52 54 56 
12 14 23 29 49 50 52 56 57 59 
4 11 12 16 49 50 51 54 56 57 59 
4 11 14 16 25 29 38 49 54 57 59 
14 16 21 24 50 51 52 55 57 59 
11 14 23 29 38 50 51 54 56 57 59 
4 12 14 16 21 24 29 49 51 52 54 59 
4 11 12 14 23 29 50 54 56 59 
4 11 14 23 25 29 49 50 54 56 57 59 
12 23 24 29 50 54 55 59 
16 21 29 50 51 52 58 
4 11 12 14 16 49 51 57 58 59 
4 12 24 25 29 52 55 57 
4 11 21 25 29 49 50 51 52 54 55 57 58 
4 11 12 14 23 25 49 50 51 54 56 57 
4 11 14 29 49 54 56 57 59 
4 12 16 23 29 49 50 54 56 57 59 
14 16 21 23 24 29 49 50 52 55 
4 11 12 14 24 29 38 49 50 56 57 59 
4 23 24 25 29 49 50 51 54 57 
4 11 16 29 38 49 50 54 57 59 
4 11 12 16 21 25 29 38 50 51 52 54 55 58 
4 12 16 23 25 29 49 50 52 54 56 57 59 
11 12 14 16 23 25 29 50 52 54 55 56 57 
4 11 14 16 23 24 25 29 38 50 54 55 56 57 
11 21 25 29 52 55 56 59 
11 21 23 25 29 49 50 54 57 59 
21 24 49 50 51 52 59 
4 12 14 21 23 25 29 38 49 50 54 56 59 
4 11 12 14 23 25 29 49 51 54 56 57 59 
4 12 16 23 25 38 54 55 56 
4 11 21 23 25 38 50 56 57 59 
4 12 14 29 50 54 55 56 57 59 
12 16 21 51 54 56 57 59 
4 12 14 25 29 38 49 50 54 56 57 59 
4 11 14 25 49 50 54 56 57 59 
12 14 21 23 24 49 50 51 52 54 56 57 58 59 
12 14 23 24 29 54 56 57 59 
4 14 16 23 29 38 50 51 54 55 56 57 58 59 
4 11 12 23 25 29 49 50 52 54 56 58 59 
11 12 14 16 21 25 50 52 57 59 
4 11 12 14 23 24 25 29 49 50 54 56 57 59 
11 21 24 25 29 49 50 54 55 56 57 58 59 
4 11 14 16 23 52 54 56 57 59 
4 12 14 24 25 49 50 54 56 58 59 
21 23 24 25 49 50 54 56 57 59 
12 14 23 24 25 29 38 49 50 55 56 59 
4 11 14 23 25 29 50 54 56 57 59 
4 11 23 24 25 29 38 49 51 54 56 57 58 59 
4 11 12 14 23 25 29 49 50 54 56 57 
4 12 14 16 24 38 49 50 54 56 57 59 
16 21 51 54 56 57 59 
4 11 12 14 23 25 29 49 50 54 57 59 
4 11 12 14 21 25 29 49 50 52 54 56 57 59 
12 16 21 54 55 57 59 
11 12 14 16 21 24 38 52 54 55 56 57 
4 11 12 14 29 49 50 54 56 57 59 
4 11 12 14 21 23 24 25 50 54 55 56 57 59 
4 11 12 14 21 23 24 38 49 50 54 56 57 59 
4 11 12 14 29 38 49 54 56 
11 12 14 16 23 25 29 38 49 50 54 56 57 59 
11 29 38 49 56 57 59 
12 14 23 25 38 49 50 56 57 
23 25 49 50 52 54 57 59 
4 12 16 24 29 38 54 56 57 58 59 
4 11 12 14 16 25 49 50 51 57 59 
4 11 14 25 29 49 50 54 57 59 
4 11 12 16 21 29 52 55 57 
4 11 12 14 16 21 23 24 29 49 50 51 52 54 55 57 59 
4 16 25 29 38 54 56 57 59 
11 14 23 29 49 50 52 54 56 57 59 
4 12 14 23 29 50 52 54 55 56 57 59 
4 16 25 29 49 50 54 56 57 59 
4 12 14 23 25 29 49 50 56 57 59 
12 21 23 29 49 52 54 56 57 58 
11 14 21 23 29 50 51 56 57 59 
4 11 12 16 23 49 50 51 54 57 59 
11 14 21 23 25 29 38 49 50 54 56 57 59 
4 12 14 21 29 49 50 54 56 57 59 
4 11 14 16 23 24 29 49 50 54 56 57 59 
4 14 16 23 24 25 29 49 50 56 57 58 59 
4 12 14 23 25 29 51 54 56 57 59 
4 12 21 38 49 50 54 55 57 58 59 
23 25 29 49 50 51 52 54 55 56 57 59 
14 51 52 55 56 58 59 
4 12 14 23 25 29 49 50 54 56 57 58 
11 12 21 25 29 50 51 52 54 55 56 57 58 59 
4 11 14 21 23 25 29 49 54 56 57 59 
4 12 24 25 29 38 49 51 52 54 56 57 59 
14 23 24 25 29 38 51 54 56 57 59 
11 14 16 23 29 49 51 54 56 57 58 
11 12 14 16 23 25 49 50 51 54 56 57 59 
23 25 29 38 49 54 55 58 
12 16 23 24 49 50 54 56 57 59 
4 12 14 23 25 50 54 55 56 57 59 
11 12 14 16 23 25 29 38 49 51 54 56 57 59 
4 11 12 14 21 23 25 49 50 51 54 56 57 59 
4 11 21 38 51 52 54 56 59 
11 12 21 23 24 50 51 52 55 56 57 59 
11 21 23 24 49 50 54 56 57 59 
4 11 12 14 16 21 23 29 49 52 54 57 
11 16 50 55 56 57 59 
4 11 12 14 23 24 29 38 49 50 54 56 58 59 
4 11 14 16 23 29 38 50 51 54 56 57 59 
11 12 14 16 23 24 25 29 49 50 51 52 54 55 56 57 59 
4 11 12 24 25 29 49 54 56 57 59 
11 12 14 21 49 50 51 52 54 56 57 59 
4 12 23 24 25 29 49 50 54 56 57 59 
4 14 16 25 49 54 56 57 59 
4 11 12 14 16 23 24 25 29 49 50 54 56 57 58 59 
4 11 14 16 23 38 50 55 56 57 59 
4 11 12 14 23 25 29 49 50 51 54 56 57 58 59 
11 14 21 23 25 49 50 54 56 57 59 
4 12 14 16 23 25 29 49 50 54 56 57 59 
4 14 16 21 29 49 50 54 55 56 57 58 59 
4 11 12 21 25 49 51 55 57 59 
4 11 12 14 16 23 24 25 49 50 51 54 57 59 
4 11 12 14 23 25 38 49 54 56 57 59 
4 16 23 38 49 50 51 55 56 59 
4 12 23 25 29 51 52 54 57 
11 12 24 25 29 49 50 54 56 57 59 
4 11 12 14 21 23 25 49 50 54 56 57 59 
4 11 12 14 16 21 23 24 25 29 38 49 50 54 56 57 59 
4 12 14 23 25 29 49 54 56 57 59 
4 12 14 23 25 29 49 50 51 54 56 59 
4 11 21 51 52 55 56 59 
11 12 16 29 38 50 52 56 57 59 
4 12 21 23 24 25 29 49 50 54 56 57 59 
4 11 12 16 25 29 49 54 59 
4 11 14 23 24 25 29 49 50 54 56 57 59 
12 14 16 23 25 29 49 50 54 56 57 59 
11 14 16 21 24 49 52 56 57 59 
4 14 16 24 25 38 49 50 54 55 56 57 58 59 
4 11 14 23 25 29 49 50 54 56 59 
4 11 12 14 23 24 29 38 49 50 54 56 57 
4 16 21 24 25 29 38 49 51 54 
12 14 25 49 50 54 56 57 59 
4 11 12 14 23 25 29 49 50 54 56 57 58 59 
4 11 21 25 29 38 50 54 56 57 59 
4 11 12 14 16 23 25 29 49 54 56 57 59 
4 16 21 25 29 49 50 51 56 57 
4 12 16 23 25 29 50 54 56 57 
4 11 12 14 23 25 29 49 50 54 55 57 59 
4 11 14 16 21 25 38 49 50 51 54 55 56 57 59 
4 11 12 14 23 25 29 49 50 54 56 59 
4 11 12 14 23 25 29 49 52 54 56 57 59 
4 11 12 14 25 29 38 50 54 56 57 59 
4 11 12 14 23 24 29 49 50 51 54 56 57 59 
11 12 14 23 49 50 56 59 
4 11 14 23 25 29 50 51 52 54 55 56 57 59 
12 16 21 23 24 25 29 50 52 54 55 57 59 
4 11 12 14 21 23 25 29 38 49 50 54 56 57 59 
4 11 12 14 23 24 29 49 50 54 56 
4 12 16 23 29 49 51 54 59 
11 12 25 29 49 50 55 57 59 
4 21 24 25 29 49 52 55 57 58 59 
12 14 23 49 52 54 55 56 59 
11 21 23 54 56 57 59 
4 16 21 23 49 50 52 57 58 
16 23 25 29 51 54 56 57 58 59 
4 11 12 14 16 23 25 29 49 52 54 56 57 59 
4 11 21 29 49 50 51 54 56 59 
14 16 23 25 29 49 50 54 55 56 
11 12 16 25 29 38 49 50 54 56 57 59 
4 12 23 25 29 49 50 54 56 59 
11 16 21 23 29 51 52 54 55 58 59 
12 23 25 29 38 49 50 54 56 57 59 
14 16 21 23 24 29 49 50 54 57 59 
4 14 21 49 51 52 55 56 
12 23 24 50 52 55 56 57 58 59 
4 11 12 14 16 21 25 29 52 54 55 57 59 
11 12 16 23 50 54 55 56 57 59 
11 12 14 23 25 29 50 52 54 56 57 59 
11 12 14 21 23 29 49 50 56 57 59 
4 11 12 14 23 25 38 49 50 51 52 54 56 57 59 
4 11 14 23 25 29 49 50 54 56 57 
4 21 49 51 54 55 58 
11 12 14 21 23 24 25 29 50 51 54 55 56 57 59 
16 21 23 51 52 55 59 
4 12 14 21 23 25 29 38 49 50 51 54 56 57 59 
4 12 14 16 21 25 29 49 50 54 56 57 59 
11 12 14 16 23 25 51 54 59 
4 11 12 14 16 23 24 25 29 49 50 54 56 57 59 
4 11 12 14 21 24 25 38 49 50 52 54 56 57 58 59 
4 11 12 14 21 23 25 29 49 50 54 56 57 59 
11 23 24 25 29 49 50 54 56 57 59 
11 23 24 25 38 50 54 55 56 57 59 
11 12 21 23 25 38 50 52 56 57 58 59 
4 11 14 16 23 50 52 54 56 57 59 
4 11 12 14 16 25 29 50 54 55 56 57 58 
4 11 14 23 24 25 29 38 50 52 54 56 57 59 
4 11 12 14 23 25 29 49 54 56 57 
4 14 25 38 49 50 52 54 56 57 
12 14 23 25 29 50 56 57 58 59 
4 11 14 23 24 25 29 49 50 51 54 56 57 59 
4 12 14 16 25 29 38 49 50 51 52 56 57 58 59 
11 12 16 23 29 38 49 51 54 55 56 59 
11 23 24 25 29 38 49 50 56 57 59 
14 23 24 25 29 50 54 56 
4 11 12 14 21 29 49 50 54 56 57 59 
12 16 23 24 25 49 50 51 52 55 58 59 
12 14 16 24 38 54 56 57 59 
4 11 12 14 16 21 23 25 29 38 51 54 56 57 58 59 
16 24 29 49 51 52 54 55 56 
12 16 21 23 25 50 51 52 57 
11 21 23 29 49 50 54 55 56 57 59 
4 11 12 14 16 23 24 29 50 54 56 57 59 
4 11 12 14 16 23 25 29 49 50 51 54 55 56 57 59 
4 11 16 24 25 29 38 50 52 54 55 56 57 59 
11 21 23 24 25 29 38 49 51 52 56 57 59 
16 21 23 25 29 50 51 54 56 58 
11 12 16 25 29 38 49 50 52 54 56 57 
4 11 14 23 25 29 49 50 54 55 56 57 59 
4 11 14 16 23 25 50 51 54 56 57 59 
11 12 14 16 29 49 51 55 57 59 
11 12 14 21 23 29 49 50 52 54 56 59 
4 11 23 29 49 50 56 57 59 
4 14 23 29 38 50 54 56 57 59 
4 12 14 16 23 49 50 56 58 
11 12 16 21 25 29 49 50 54 55 56 58 59 
11 12 16 23 24 25 29 49 50 51 52 54 55 56 58 59 
4 12 21 23 50 51 52 54 59 
4 11 12 14 23 29 49 50 54 56 57 59 
4 12 25 29 50 54 56 57 58 
12 14 16 24 25 29 50 51 52 57 
4 16 21 25 29 38 55 57 58 59 
4 11 14 21 29 49 50 54 55 56 57 
4 16 21 23 25 29 49 50 54 55 56 57 58 59 
21 24 38 50 51 52 54 56 57 59 
4 11 14 23 29 38 49 50 54 56 57 59 
4 12 14 21 23 25 29 50 51 54 56 57 59 
4 11 14 23 24 38 50 54 57 59 
4 11 12 14 25 29 49 50 54 56 57 59 
4 11 12 16 21 29 49 50 54 56 57 59 
11 24 25 29 49 54 56 57 58 59 
4 11 12 16 23 25 29 49 50 54 56 58 
4 11 12 14 16 23 29 49 50 51 54 59 
4 16 21 24 25 29 50 51 52 58 
11 14 16 25 29 50 51 54 57 
4 12 23 24 25 49 50 51 54 56 57 
11 12 14 16 24 29 38 49 50 51 52 55 56 57 59 
12 14 16 21 23 29 38 49 51 54 57 59 
4 11 12 14 23 25 29 49 50 51 55 56 57 59 
4 12 14 23 29 50 54 56 57 59 
4 11 12 14 23 49 50 51 55 56 59 
12 16 24 50 51 52 56 59 
11 12 23 25 29 50 54 56 57 59 
4 11 12 14 23 25 50 52 54 57 58 
4 11 12 14 16 23 25 29 50 52 54 56 57 59 
16 21 24 29 38 50 54 56 58 
4 11 14 16 23 25 29 49 50 51 52 55 56 
4 12 16 21 23 24 25 29 51 55 59 
11 21 23 38 49 52 54 56 58 59 
4 12 14 21 23 25 29 50 54 56 57 59 
4 14 16 24 29 51 56 57 59 
4 12 14 21 23 29 49 50 51 52 54 56 57 59 
11 12 16 23 29 49 54 56 57 59 
14 16 23 24 29 49 50 51 52 55 57 59 
4 11 14 23 25 29 38 49 50 54 56 57 59 
4 11 12 14 23 24 29 49 50 54 56 59 
4 11 12 21 23 25 29 49 50 54 56 57 
14 16 24 29 49 50 52 54 56 57 59 
4 11 12 14 21 25 29 49 50 54 56 57 59 
12 14 23 24 25 29 49 50 51 54 56 57 59 
12 14 21 24 25 38 51 52 54 55 57 59 
14 21 23 25 29 38 49 50 51 52 56 57 59 
4 11 12 14 23 29 38 49 50 54 57 
12 14 16 23 24 25 29 38 50 54 56 57 59 
11 16 25 49 50 56 57 59 
11 12 14 16 23 25 29 49 50 54 56 57 59 
11 12 25 49 50 54 56 57 
4 11 12 23 25 29 49 50 52 54 56 59 
12 14 24 25 29 49 50 54 56 57 59 
4 11 12 14 16 23 29 54 56 57 59 
4 14 23 25 29 49 52 56 57 58 59 
4 11 12 14 25 29 38 49 50 54 56 57 59 
11 12 14 23 25 29 38 49 50 54 56 57 59 
14 21 24 25 29 38 49 50 57 58 59 
11 12 14 25 29 49 50 51 52 54 55 56 58 59 
4 11 14 21 23 24 38 50 55 57 59 
4 11 12 14 16 23 24 25 29 50 54 56 57 
11 12 14 23 24 29 49 50 51 55 56 57 59 
11 16 24 25 29 38 49 54 56 57 59 
4 12 21 24 38 51 52 54 55 56 57 59 
23 24 29 38 52 54 56 57 59 
11 12 14 16 23 25 29 49 50 54 56 57 
12 24 29 49 50 54 56 57 58 59 
4 11 12 14 16 23 25 29 38 49 50 54 55 56 57 59 
4 12 14 23 29 49 50 52 54 55 56 57 59 
4 11 12 14 16 21 23 29 49 50 51 52 54 56 57 58 59 
4 11 12 14 16 23 25 29 49 51 54 56 59 
14 21 23 38 52 54 55 56 57 59 
4 11 12 14 16 23 24 25 29 38 49 54 56 57 59 
11 12 14 16 23 25 29 49 50 52 54 56 57 59 
4 23 29 50 51 58 59 
11 12 14 23 25 29 49 50 51 54 56 57 59