0 4 20 22 39 41 46 47 53 54 55 57 60 62 
4 11 12 14 26 28 32 35 39 40 50 52 53 55 57 60 62 
0 4 11 12 14 16 28 32 35 39 40 50 52 53 57 60 62 
4 11 14 26 28 32 35 39 40 50 52 53 57 60 62 
4 11 12 20 26 27 35 39 40 41 46 50 54 56 57 62 
0 12 26 32 35 41 50 52 53 57 63 
4 11 14 22 26 28 32 35 39 40 41 46 50 52 53 54 57 60 61 67 
12 14 16 26 28 32 35 39 40 41 50 52 53 60 62 
12 14 26 28 32 35 39 41 46 50 53 54 55 57 58 60 62 
4 11 12 14 26 28 32 35 39 50 52 60 62 
4 11 14 26 28 32 35 39 46 50 52 53 57 60 61 62 
4 12 20 22 26 28 32 35 41 46 50 53 66 
0 14 16 20 28 41 50 54 55 57 61 62 63 
0 4 11 12 14 26 32 35 39 40 53 57 60 62 66 
4 12 26 28 32 35 39 50 52 53 55 56 57 61 62 
0 4 11 12 26 32 40 46 50 52 53 62 63 
4 11 12 14 26 32 35 40 50 52 53 60 62 
4 11 14 26 28 35 39 46 50 53 54 57 60 62 
4 14 26 28 32 35 40 50 52 57 60 62 67 
12 14 20 28 32 39 40 52 56 57 60 66 
4 11 14 26 28 32 35 39 46 53 57 60 62 
0 12 26 27 32 35 46 50 52 56 58 63 
12 22 26 27 35 39 40 46 52 53 54 61 62 
0 4 11 12 16 20 27 28 32 40 47 50 52 53 57 60 61 67 
0 11 14 26 28 32 35 39 40 50 52 53 57 60 62 
0 11 14 16 20 22 35 39 46 50 52 54 56 58 60 62 
4 11 12 14 28 32 35 39 40 47 53 54 57 60 62 
4 11 12 14 16 26 28 32 35 39 40 46 47 50 52 53 57 60 62 
4 11 12 14 22 26 28 32 39 40 47 50 52 54 57 60 63 
4 11 12 14 22 26 28 32 35 39 40 50 52 53 57 60 62 
11 14 26 28 32 35 39 40 41 47 50 52 53 57 60 62 
4 11 12 14 26 28 32 35 39 50 52 53 57 60 62 
4 12 14 26 32 39 40 47 50 52 53 54 57 60 62 
4 11 12 14 20 26 28 32 39 40 50 52 53 57 60 62 
0 11 16 20 22 27 35 41 46 47 54 56 57 58 61 
0 4 11 12 14 16 20 22 27 40 47 50 52 53 54 56 58 62 
4 11 14 20 22 26 32 39 46 47 50 52 56 57 60 62 
4 14 22 26 27 28 32 35 39 40 41 50 52 53 56 57 60 63 66 67 
4 11 16 26 27 28 35 39 40 41 50 52 54 57 60 62 63 
12 14 26 32 39 40 41 57 60 62 
4 11 12 14 16 22 26 27 28 39 40 46 47 53 54 55 57 58 60 
4 14 28 35 39 46 50 52 53 60 62 63 
0 14 16 20 22 35 40 41 46 50 52 53 54 60 61 66 
0 11 12 20 22 26 40 47 52 54 57 60 62 
0 4 11 16 20 22 27 32 35 40 41 46 47 57 58 60 61 62 63 66 67 
0 4 11 12 26 32 39 40 41 50 52 53 54 57 60 62 
0 4 11 12 14 20 22 27 28 39 47 53 57 58 61 62 63 
0 11 12 28 32 35 39 40 50 52 53 60 62 
0 12 14 16 28 32 35 40 41 50 52 57 60 62 
4 11 14 22 26 28 32 35 39 40 41 50 52 53 55 57 60 62 
0 4 12 14 27 28 32 35 40 41 50 52 53 57 60 62 
11 12 22 28 32 35 39 40 46 50 52 53 54 57 60 62 
0 20 22 35 39 50 56 57 60 61 
20 26 39 40 41 50 52 53 56 57 62 66 
4 12 14 16 26 32 35 41 47 50 52 53 55 58 60 62 
0 4 11 12 14 22 26 28 35 39 40 50 52 53 57 60 62 
4 14 16 20 22 28 32 35 40 46 52 56 58 60 62 63 66 
4 14 16 28 32 35 39 40 50 52 53 57 60 62 
4 11 12 14 26 27 32 35 39 40 52 53 57 60 
4 11 20 22 26 27 28 32 35 39 40 50 54 57 58 
4 11 12 26 27 28 32 35 39 47 50 52 53 58 60 62 
0 4 16 22 39 41 46 47 57 60 62 
0 4 11 12 28 32 35 39 40 41 47 50 52 53 57 60 62 67 
0 4 14 26 28 32 35 39 40 50 52 53 57 60 62 
11 12 14 20 27 39 41 50 53 62 66 
4 12 14 26 28 32 35 39 40 47 50 52 57 62 67 
4 11 12 14 26 28 32 35 39 40 50 52 53 54 57 60 62 
0 11 14 22 26 35 40 41 47 52 53 55 
0 14 22 27 32 35 40 41 52 54 57 60 62 66 67 
4 11 12 14 26 27 28 32 35 39 50 52 53 57 60 62 67 
4 11 12 14 20 26 32 35 39 40 50 53 57 60 62 
11 12 16 20 22 28 32 39 40 41 46 47 50 54 60 61 63 67 
4 14 28 35 39 40 52 53 55 56 57 60 
0 4 11 12 26 35 39 40 41 52 53 57 60 62 
0 4 11 14 22 26 28 32 35 39 40 47 50 60 61 62 66 
0 11 12 14 26 28 35 41 46 52 53 57 62 
14 16 20 22 27 40 41 54 55 56 57 61 62 63 66 67 
4 11 14 26 28 32 35 39 40 50 52 57 60 62 
12 14 16 26 28 32 41 52 57 60 62 66 
4 11 12 14 26 28 32 35 39 40 46 50 53 57 58 60 62 
12 14 20 26 28 32 35 39 40 41 46 50 52 56 57 58 60 61 62 
4 11 12 14 26 28 32 35 39 40 50 52 53 57 60 62 63 
0 14 16 20 22 32 39 40 41 50 52 53 57 60 62 
0 4 11 12 14 16 20 26 27 28 32 39 40 46 50 53 56 57 61 66 
4 11 14 16 20 26 28 32 35 39 40 52 53 54 56 57 58 60 62 63 66 
12 14 16 20 22 27 28 32 35 53 57 62 63 66 
4 11 12 14 22 26 27 28 32 35 39 40 47 50 52 56 57 60 62 63 
4 11 12 14 20 26 27 28 35 52 53 56 60 62 66 
4 11 12 14 26 28 32 35 39 40 46 50 52 53 57 60 62 
11 16 20 26 32 46 47 50 55 57 60 62 
4 11 12 14 26 28 32 35 39 40 41 50 52 53 57 60 61 62 
4 11 12 14 28 32 35 46 52 54 58 60 61 62 
0 4 11 14 27 32 35 39 40 41 47 53 57 58 60 62 
12 16 20 28 32 40 46 47 50 54 55 57 58 62 
4 11 12 14 26 28 32 39 40 50 52 53 57 60 62 
4 11 12 14 16 26 28 32 35 39 40 41 47 50 52 53 57 60 62 
4 11 12 20 26 28 32 39 41 50 53 57 60 
4 11 12 14 20 22 26 28 32 35 39 40 50 52 53 56 57 60 62 
4 11 12 14 26 28 32 40 41 46 50 52 54 56 58 60 62 67 
4 11 12 14 20 26 27 28 32 35 39 40 52 53 56 57 60 62 
11 12 16 26 27 39 40 52 53 54 58 60 62 
12 26 27 28 32 35 39 40 50 52 53 54 57 60 62 
4 11 12 14 16 26 27 28 32 35 39 40 50 52 53 57 60 62 
0 11 14 16 20 22 28 40 41 46 52 53 58 60 
4 11 12 14 26 32 35 39 40 50 52 53 54 57 60 62 
4 11 12 14 20 22 26 28 32 39 40 50 52 53 57 60 61 62 
0 12 16 20 26 28 35 40 41 53 57 60 61 62 63 66 
0 16 20 22 27 41 50 54 57 58 66 
4 11 12 14 26 28 32 35 39 40 41 50 52 53 57 60 62 
0 4 11 12 20 27 28 35 39 40 41 46 52 53 56 57 60 62 66 
4 12 20 28 35 40 50 52 53 57 60 62 
4 11 14 16 22 26 28 32 35 39 41 50 52 53 56 57 60 61 62 66 
0 11 16 20 22 26 27 39 41 47 53 57 62 
12 22 26 28 39 40 52 53 54 57 60 62 66 67 
4 12 22 26 28 35 39 41 50 52 53 55 57 60 62 
0 4 12 14 26 28 35 39 40 50 52 53 57 58 60 67 
0 11 12 14 22 28 32 47 50 52 53 57 60 62 
11 12 14 26 32 35 40 41 46 50 52 53 62 66 
11 12 14 22 26 28 32 35 39 40 50 52 53 60 62 
0 12 16 20 22 27 28 32 46 56 58 61 
0 16 20 27 32 39 41 52 53 54 56 61 63 67 
4 14 26 28 39 41 46 47 52 53 57 60 62 
4 11 12 16 26 28 35 39 40 50 52 53 57 60 62 63 
0 12 35 40 46 50 52 53 55 56 62 
4 14 20 22 26 28 35 39 40 46 50 52 54 56 60 
4 11 12 14 26 27 28 32 35 39 40 50 52 53 57 60 62 
4 11 12 28 32 35 39 40 50 52 53 57 62 67 
4 11 12 14 26 32 35 39 40 50 52 53 57 60 62 66 
11 12 14 22 26 28 35 39 40 41 46 50 52 53 60 62 63 
0 4 12 14 16 20 22 28 35 39 52 54 56 60 62 63 67 
4 11 12 14 26 28 35 39 40 50 52 53 57 60 62 
4 11 14 16 20 28 32 39 40 50 53 57 60 62 
11 26 27 35 41 50 53 54 55 57 60 67 
0 4 20 27 28 32 35 39 50 52 56 57 60 63 
0 4 11 22 26 28 32 35 40 41 50 53 57 60 61 62 
0 12 14 32 46 47 56 57 60 62 
11 28 35 40 41 50 53 55 57 62 
0 4 12 14 20 26 28 32 35 39 40 46 53 55 57 
0 11 20 22 26 27 28 32 35 40 46 50 52 53 54 56 57 60 61 66 
0 4 11 12 14 20 26 32 35 40 41 50 52 53 54 55 57 60 62 
12 14 16 20 26 28 32 35 39 40 50 53 54 55 57 60 62 
0 4 14 20 22 50 52 53 56 63 66 
11 12 14 26 28 32 35 39 40 52 53 58 60 61 62 
0 28 35 39 47 50 52 53 54 56 60 62 
11 16 20 27 28 32 41 50 52 53 57 60 62 
0 4 11 12 14 26 28 32 39 40 47 50 52 55 60 62 
11 14 16 20 28 32 35 39 46 50 52 53 57 60 62 
4 11 12 14 20 26 28 35 40 50 52 53 55 57 62 67 
0 4 22 26 41 46 47 55 60 62 
0 4 11 12 14 22 26 28 32 35 39 40 50 52 53 57 60 62 
4 11 12 14 28 32 35 39 40 50 53 54 58 60 62 66 
0 4 12 14 26 35 39 40 47 50 52 61 62 63 
12 14 16 27 35 41 46 47 50 53 54 56 57 58 60 63 
4 20 22 32 35 39 41 47 50 52 53 55 57 62 
4 11 12 14 27 32 35 39 40 50 52 53 57 60 62 67 
4 14 16 20 26 28 32 35 40 47 50 52 53 54 60 61 62 63 
4 11 14 26 28 32 35 39 40 50 52 53 55 56 57 62 
11 12 20 22 27 32 41 47 54 55 56 60 62 
0 12 16 20 22 26 28 32 35 40 41 46 47 52 56 61 62 63 
0 4 12 14 26 28 32 39 50 52 53 57 58 60 62 66 
0 4 11 12 26 32 35 40 41 47 52 55 60 62 
0 12 14 20 22 26 35 41 50 53 54 57 60 62 
22 28 39 41 46 54 57 58 61 62 66 67 
0 11 22 26 32 39 40 50 52 53 57 60 62 
4 12 14 16 22 26 28 32 35 47 50 52 53 57 60 
0 14 20 22 39 40 46 50 52 53 57 60 62 67 
0 4 20 22 27 32 35 41 46 53 57 60 62 
0 11 22 27 35 39 40 41 46 50 52 53 54 55 56 60 62 
12 14 22 27 35 40 41 50 52 53 54 58 60 62 66 
4 11 12 14 26 32 39 50 52 53 57 60 62 
11 14 26 27 28 35 39 40 50 52 53 57 60 62 
4 11 12 14 22 26 28 32 39 40 41 50 52 53 57 60 62 
0 14 26 27 39 40 47 50 52 56 57 58 60 61 62 63 66 67 
0 4 11 14 22 26 35 40 41 46 47 50 52 53 57 60 62 
0 4 14 26 40 50 53 57 60 62 
0 20 22 27 28 32 41 47 50 54 57 62 63 66 67 
11 16 22 26 28 32 35 39 40 41 54 56 60 62 63 
4 11 12 14 16 26 32 35 39 40 41 50 52 53 55 62 63 
11 12 20 27 28 32 50 52 53 57 60 62 
0 11 12 22 26 27 32 35 39 40 50 52 53 57 60 62 67 
0 12 16 20 22 26 27 28 32 39 40 41 50 53 55 57 58 62 66 67 
0 4 12 20 22 26 28 35 39 40 41 47 50 53 56 60 61 67 
11 14 16 26 27 28 32 35 39 40 47 54 57 61 62 63 66 
0 4 11 12 14 22 26 28 32 35 39 40 50 52 53 57 58 60 62 66 
0 14 16 20 22 40 41 46 52 53 56 58 60 63 67 
12 16 20 22 27 35 39 40 46 52 56 58 61 62 66 
0 4 11 12 16 20 26 28 32 35 40 47 50 52 53 57 60 62 
14 16 20 22 27 32 39 41 52 54 57 62 
0 11 22 27 32 35 39 40 41 46 47 53 54 58 60 61 67 
4 11 12 14 22 26 28 32 35 39 50 52 53 54 55 57 60 67 
12 20 22 26 32 35 47 50 52 55 57 60 62 63 67 
0 4 14 16 20 40 41 46 50 52 54 56 57 58 61 62 
4 11 12 26 32 35 39 40 50 52 53 57 60 62 66 
4 12 14 16 20 26 27 32 35 39 50 52 53 54 57 58 60 61 63 
4 11 14 26 32 35 39 40 50 52 53 55 60 62 
4 11 12 14 26 28 32 35 39 46 50 52 53 57 60 62 
12 14 20 26 27 32 35 39 41 47 50 52 53 54 55 57 62 63 66 
11 16 20 27 28 32 35 39 41 50 53 58 62 
0 11 14 20 28 32 39 40 52 53 54 57 60 62 63 
0 14 22 28 35 40 46 47 50 52 54 56 58 63 
4 11 12 22 26 27 28 32 35 39 46 50 53 54 56 57 58 60 62 
11 26 28 35 39 50 53 57 60 62 
0 4 11 12 14 26 27 28 32 35 40 46 50 53 54 60 
4 12 14 26 28 32 35 39 40 50 52 53 57 62 
0 12 22 26 27 35 39 46 47 50 53 56 58 61 62 66 67 
0 14 22 26 28 32 35 40 46 47 50 53 54 55 60 
4 12 14 16 20 26 35 39 41 46 47 52 53 57 60 62 
4 11 12 14 20 26 28 32 35 39 40 50 52 53 57 60 62 
0 4 11 22 39 46 47 54 60 61 62 63 
0 4 11 28 32 35 39 50 53 57 58 60 62 67 
0 4 12 16 20 22 26 27 28 32 35 40 41 46 50 52 57 60 62 
0 12 16 20 22 27 28 39 47 50 52 55 61 62 67 
4 11 12 14 26 28 35 39 40 50 53 57 60 62 
0 4 11 12 14 26 28 32 35 39 40 50 57 60 62 
0 12 14 16 20 27 32 40 46 47 50 52 53 57 58 60 62 66 
0 4 11 12 14 20 26 40 47 50 52 53 57 60 62 
0 16 20 27 39 46 47 50 53 55 56 57 58 61 66 67 
0 11 12 14 16 20 22 26 27 32 40 46 50 52 56 60 66 
0 11 12 14 20 22 27 28 32 41 50 52 53 60 62 63 66 
0 11 16 22 28 32 35 40 46 47 50 52 53 54 57 58 62 66 
4 11 12 14 26 28 32 35 39 40 47 50 52 53 56 57 60 62 
0 14 20 26 27 28 32 46 47 50 54 58 60 62 
0 16 20 22 26 27 28 35 39 41 46 47 50 54 56 57 58 62 
0 11 16 20 22 27 35 39 41 47 54 57 60 62 
0 11 12 14 16 26 28 32 35 39 41 47 50 52 53 56 57 60 63 
0 4 11 12 14 22 32 39 40 41 52 53 57 60 62 
4 11 12 14 26 28 35 39 46 50 52 53 54 55 57 58 60 
11 12 20 26 27 28 32 35 39 40 47 52 53 56 57 60 62 
4 11 12 14 22 26 28 32 35 39 40 46 50 52 53 57 60 62 
0 4 14 20 26 27 35 39 40 52 53 55 60 62 66 
16 20 27 28 39 40 41 46 47 53 56 61 63 
4 11 12 14 16 20 26 27 32 35 39 40 52 53 60 62 
11 12 14 28 32 35 39 40 50 52 53 57 60 62 
0 12 14 20 22 26 32 39 47 53 56 57 62 66 67 
0 11 12 14 22 28 32 39 40 47 50 52 53 57 60 61 
0 4 16 20 22 28 47 52 56 58 61 67 
14 16 20 26 28 32 35 39 40 46 47 52 53 54 57 62 66 
0 4 11 14 16 20 32 35 39 40 41 47 50 55 57 60 62 
4 20 35 40 46 47 50 52 53 56 60 62 63 
4 14 20 22 26 40 41 52 54 56 57 60 61 62 66 
4 12 16 20 27 28 32 46 47 50 57 58 60 61 62 66 67 
0 12 14 16 20 22 40 52 53 55 56 57 60 62 
11 12 14 26 28 32 35 39 40 50 52 53 57 60 62 
4 11 12 16 26 28 32 35 39 40 50 52 57 60 
4 12 14 16 20 26 28 40 41 47 50 53 54 55 56 58 
0 4 22 27 35 40 52 53 55 57 60 61 62 63 66 67 
0 26 27 28 39 40 41 50 54 56 60 
0 4 11 12 14 26 28 32 35 39 40 41 50 52 53 54 55 57 62 
4 12 14 16 27 39 46 50 53 57 62 
0 4 11 12 14 26 28 32 35 39 40 50 52 53 57 60 62 
4 11 12 16 20 26 28 32 35 39 40 50 52 53 57 58 60 61 62 
0 4 11 12 14 26 28 32 39 40 50 52 53 54 57 60 62 66 
0 12 14 16 20 26 27 28 32 39 41 47 50 52 54 58 60 61 63 67 
0 4 11 14 16 20 26 28 40 50 52 53 55 60 62 
0 4 12 16 32 39 41 46 50 52 54 55 57 60 62 66 67 
0 4 11 12 14 16 22 26 28 32 35 39 50 52 53 60 62 
4 11 12 14 22 26 28 32 39 40 50 52 53 56 57 58 61 62 
0 11 12 16 26 28 35 39 40 50 52 53 57 60 62 
0 4 14 16 20 22 26 28 39 47 50 52 54 60 62 66 
0 4 11 12 14 16 27 32 35 39 40 50 52 60 61 63 
0 4 11 12 14 20 26 28 35 39 40 50 52 55 57 62 
4 11 12 14 20 26 27 28 32 35 39 40 50 52 53 57 60 62 
4 11 12 14 20 26 32 35 39 40 41 52 53 54 57 58 60 62 
0 4 11 12 14 28 32 35 40 50 52 53 57 60 62 
20 22 27 28 40 50 52 53 57 58 60 66 67 
4 11 14 26 28 35 39 40 50 52 53 60 62 
0 4 11 12 14 20 22 26 28 35 40 46 50 52 53 57 60 62 
0 11 12 14 22 27 28 32 35 39 40 46 50 52 53 54 55 57 62 63 67 
0 12 14 22 28 32 47 54 55 58 62 63 
0 11 16 20 22 26 46 47 50 52 56 57 61 
4 11 12 14 16 26 32 35 40 50 52 53 57 60 62 
11 12 14 20 22 26 27 32 39 41 46 47 50 53 55 57 58 63 
4 11 12 14 26 28 32 35 39 40 50 52 53 54 57 60 61 62 
4 11 14 20 26 27 28 32 35 40 46 52 53 60 62 
11 12 14 16 20 28 32 35 39 40 50 53 57 58 60 62 63 
4 11 12 14 16 26 28 32 35 39 46 47 55 56 57 60 61 62 63 
4 11 12 14 26 32 35 40 50 52 53 55 57 58 60 63 66 67 
4 11 12 14 27 28 32 39 46 50 52 53 57 60 62 
0 14 16 20 22 26 27 35 41 46 47 54 56 57 58 61 67 
0 4 11 12 14 26 28 32 40 47 50 52 60 
4 11 12 22 26 28 32 35 40 50 52 53 57 60 61 62 
0 11 12 14 16 26 32 35 40 46 50 53 54 55 57 61 62 63 
4 14 16 27 32 35 39 41 50 57 61 62 67 
0 4 11 14 20 26 28 32 46 47 52 54 57 60 62 
4 11 14 26 28 32 35 40 46 50 52 57 60 62 63 66 
0 4 11 12 14 22 27 32 35 39 46 50 53 55 57 58 60 
4 12 16 27 28 32 46 47 50 52 55 57 60 62 
12 14 16 22 26 27 32 39 46 47 52 53 56 57 58 60 62 
4 11 12 26 28 32 35 39 40 50 52 53 54 56 57 60 61 62 
0 11 12 16 22 39 41 47 50 55 61 66 67 
4 11 12 14 26 27 28 32 39 50 52 53 57 58 60 62 
4 11 28 35 39 40 50 53 54 55 57 60 61 62 66 
4 11 14 16 26 28 32 35 39 40 46 50 53 55 57 60 
0 11 12 14 16 22 32 35 39 40 46 47 50 53 54 57 58 60 62 
0 4 12 22 26 27 32 41 46 47 50 52 54 55 57 62 
0 20 22 27 35 39 40 46 50 52 53 54 55 58 60 61 62 
11 12 14 22 27 28 32 39 40 50 52 53 55 57 58 60 62 
4 11 12 14 27 28 32 35 39 46 50 52 53 54 58 61 62 66 
0 11 16 20 32 39 46 47 53 54 57 58 60 62 63 
0 11 16 22 27 32 39 40 41 46 52 53 56 58 60 67 
0 4 12 28 50 52 57 60 62 63 
0 11 14 26 27 35 39 40 50 52 53 57 60 62 
4 11 12 14 26 28 35 39 41 50 52 53 57 60 62 
0 4 11 12 14 20 27 28 35 39 40 47 50 52 54 56 58 60 62 66 
11 12 14 32 35 39 40 50 52 53 57 58 60 
0 4 12 14 26 32 35 39 40 46 50 52 53 57 66 
4 12 14 22 26 28 32 35 39 40 50 52 53 57 60 62 
4 11 12 14 26 32 35 39 40 50 52 53 60 62 63 
4 11 12 14 22 26 28 32 35 39 46 52 55 57 60 62 
4 12 14 20 22 28 32 35 39 40 50 52 57 62 67 
4 11 12 14 26 28 32 35 39 40 47 50 52 53 57 60 62 
0 16 20 28 32 39 40 41 50 53 56 57 62 66 67 
4 11 12 14 26 28 35 40 50 52 53 57 60 62 
12 14 26 28 35 39 40 47 53 54 57 58 60 61 66 67 
11 12 14 16 26 27 32 40 46 50 52 53 54 56 57 58 61 62 
4 12 14 22 26 28 39 40 50 53 54 60 61 62 
0 4 14 16 26 27 28 32 35 40 47 52 53 54 57 60 61 
12 16 20 27 28 39 40 46 47 50 55 56 60 62 
11 12 16 26 28 32 47 50 52 56 
0 4 11 20 26 28 39 40 47 50 52 53 57 60 62 
0 12 14 22 26 27 28 32 35 39 40 50 55 57 62 
0 12 20 22 27 32 39 40 50 53 54 57 61 63 
0 4 11 12 14 16 26 27 28 32 39 46 50 54 55 61 62 
0 14 26 32 39 50 52 53 57 60 62 
4 11 12 14 26 28 32 35 39 40 50 52 62 
12 14 20 27 32 40 41 47 50 52 53 54 56 60 61 
4 11 12 14 22 26 32 35 40 50 52 53 57 60 62 
4 12 14 26 32 35 39 40 50 52 53 57 60 62 
11 12 16 26 28 35 41 50 52 53 55 60 
4 11 12 20 26 32 39 52 53 56 57 60 62 
12 28 35 39 40 41 50 52 53 55 56 57 60 61 62 
11 16 22 26 32 39 41 46 47 50 53 54 57 60 62 
0 4 14 20 26 32 35 41 47 50 53 57 60 61 62 
0 12 16 27 41 47 54 56 57 58 61 62 63 66 67 
4 12 14 16 20 26 28 35 40 41 47 50 52 53 57 61 66 
0 16 22 32 35 40 41 46 52 53 56 57 58 
0 4 12 16 20 22 27 32 35 41 46 50 52 53 57 60 62 
0 16 20 22 47 50 54 56 58 61 63 
4 11 12 14 26 27 28 32 35 39 40 41 52 53 54 57 60 62 
0 4 12 16 22 26 28 39 40 41 50 52 53 55 56 57 60 62 66 67 
4 11 12 14 26 28 32 35 39 40 50 52 53 60 62 
4 11 14 28 32 35 39 40 50 52 53 57 60 62 
4 12 14 20 22 26 28 32 35 39 41 46 50 53 57 60 62 
0 11 12 16 20 26 27 32 39 41 50 52 53 56 57 60 62 
0 12 20 22 26 35 39 47 50 52 55 56 58 60 62 66 67 
0 4 11 14 26 27 50 52 55 56 57 58 62 
4 11 12 14 26 27 28 32 35 39 47 50 52 57 60 62 
4 12 14 26 28 32 35 39 40 41 50 52 53 54 57 60 62 
0 11 12 14 16 26 32 35 39 40 50 52 53 54 57 60 61 62 
16 32 47 50 54 56 62 66 67 
12 20 22 27 32 39 40 47 57 60 62 
4 11 12 14 22 26 35 39 40 47 50 52 53 57 60 62 
4 12 20 26 27 28 32 35 39 40 41 46 57 58 
16 20 22 26 27 28 32 35 39 40 46 53 57 60 62 63 66 
11 12 14 26 27 28 35 39 40 46 50 56 57 62 
0 4 12 14 26 28 32 35 39 40 50 52 53 57 60 62 
4 11 16 20 26 27 28 32 40 47 52 53 58 60 62 
0 11 12 14 26 32 35 40 53 57 60 62 
0 4 14 20 26 28 35 39 40 46 47 50 53 60 61 
12 14 20 26 28 32 35 39 40 41 46 47 50 57 60 62 
4 11 12 14 26 32 39 41 50 52 53 57 58 62 
20 22 32 39 40 46 47 50 52 54 56 57 58 61 62 
0 4 11 12 22 27 28 32 35 47 52 53 54 56 57 58 62 
0 4 14 16 28 32 35 39 40 47 50 52 53 54 55 57 60 62 66 
0 4 11 12 14 16 26 28 32 40 50 57 58 60 62 
11 12 14 20 32 35 39 40 46 50 52 53 57 60 62 
4 11 12 14 20 26 27 28 32 39 40 52 53 54 57 
0 4 11 12 14 16 22 26 28 32 35 39 40 46 47 50 52 53 55 57 58 60 62 63 66 
4 11 14 16 26 28 32 35 39 40 46 50 52 53 56 57 60 62 
11 12 14 26 28 32 35 39 50 52 53 55 60 62 
0 4 11 12 14 16 20 26 28 32 35 39 40 50 52 53 57 60 62 
12 14 16 26 28 32 35 39 41 50 52 53 57 60 
4 12 14 26 28 32 35 39 50 52 53 56 57 60 62 
0 14 16 20 26 28 40 41 46 57 58 61 62 63 66 
0 4 12 14 16 28 32 39 40 41 50 52 53 57 60 62 
0 11 12 16 26 28 32 35 39 41 50 52 56 57 58 60 62 
4 12 14 26 27 28 32 35 40 50 52 53 54 56 57 60 66 67 
20 26 40 41 46 47 50 53 56 58 62 63 
4 11 12 14 26 28 32 35 50 53 57 58 60 62 66 
0 4 14 20 22 26 28 32 35 40 52 57 58 62 63 
4 11 12 14 27 28 32 39 40 46 47 50 52 53 57 60 62 
4 11 12 14 26 28 32 35 39 40 50 52 53 57 60 62 67 
11 12 14 22 26 28 32 39 40 41 46 47 52 57 60 62 
11 12 14 16 20 26 28 32 39 40 47 50 53 56 57 60 62 
0 12 14 22 27 28 32 35 40 52 53 55 57 58 
4 11 12 26 28 32 35 39 40 41 50 52 53 57 60 62 63 
4 12 14 16 22 26 32 35 39 40 46 50 52 53 60 61 62 63 66 
0 4 14 16 20 32 39 40 41 46 50 54 56 61 66 
4 12 14 16 22 26 28 35 39 40 46 50 52 53 57 62 
12 16 27 40 47 54 55 57 60 62 
0 12 14 16 28 32 40 46 50 52 54 55 56 57 58 62 66 
11 12 14 26 28 32 35 39 50 52 53 57 60 62 67 
4 12 14 26 27 28 35 39 40 46 50 53 56 57 60 62 
4 11 12 16 22 26 27 28 32 35 39 41 47 50 52 53 55 56 57 61 62 
0 4 11 12 14 20 26 27 35 39 40 47 52 53 54 57 60 62 66 
4 12 14 28 32 35 40 50 52 53 57 58 60 62 
11 12 28 32 35 39 40 41 50 52 53 57 60 62 
11 12 16 26 35 39 50 53 57 60 62 
12 14 22 26 28 35 40 50 52 53 57 62 
0 12 16 22 26 28 40 41 46 47 52 54 56 58 61 62 63 67 
11 12 14 22 26 28 32 35 39 40 50 52 53 57 60 62 
0 4 11 12 16 20 26 28 32 35 39 46 50 52 53 56 57 60 62 63 66 
0 12 16 22 40 47 50 54 66 
4 11 12 26 28 32 35 39 40 47 50 56 57 58 62 
0 4 11 12 14 28 32 35 39 40 52 56 57 60 61 
0 11 14 26 32 40 50 52 53 56 57 58 60 62 
11 14 20 22 27 28 32 35 39 40 46 52 57 58 60 62 
4 11 12 20 22 26 28 32 35 40 50 52 53 57 58 60 62 
4 14 20 27 32 35 46 47 52 53 55 58 60 62 
0 4 11 12 14 32 39 40 41 52 53 54 61 
11 14 16 35 41 47 52 54 57 58 60 62 66 
0 4 11 14 16 26 28 35 40 41 50 52 53 57 60 
0 4 11 16 26 28 32 35 40 50 52 53 57 
12 14 26 27 35 39 47 52 53 57 60 62 
4 12 14 22 26 32 35 39 40 47 50 52 53 57 60 62 
4 11 14 26 27 28 32 35 39 40 50 52 53 57 60 62 
4 11 12 22 26 32 35 39 40 50 52 53 56 57 60 62 
11 12 14 16 26 28 32 35 39 40 50 52 53 57 60 62 
0 11 16 20 22 26 32 39 40 46 50 53 55 57 62 63 66 67 
4 11 12 22 28 32 35 39 41 46 50 52 53 54 60 62 63 
4 11 12 14 26 28 32 39 50 52 53 56 57 60 62 
11 12 27 39 40 50 52 53 57 60 62 
4 11 12 14 26 28 32 39 40 50 52 53 54 57 58 60 62 
11 12 14 26 28 32 35 39 40 50 52 53 57 60 62 63 66 
0 11 16 20 22 27 32 35 46 47 50 52 54 60 62 67 
0 4 11 12 14 16 22 28 35 39 40 41 50 52 57 58 60 62 66 67 
4 11 12 14 16 26 27 28 32 35 39 40 41 50 52 53 57 60 62 
4 12 22 27 28 32 35 39 50 52 53 55 57 62 66 67 
4 11 12 14 16 26 28 32 35 39 40 50 52 53 54 57 60 62 
4 11 12 14 26 27 32 35 39 40 41 50 55 57 60 62 
0 4 11 14 22 26 39 40 41 53 60 62 
4 11 12 14 28 35 39 40 50 52 53 57 60 62 
4 11 12 16 26 28 32 39 46 50 52 53 57 58 60 
4 12 26 28 39 40 47 50 52 53 55 57 60 62 
0 4 11 12 14 26 28 32 35 39 40 50 52 53 60 62 
14 28 32 35 46 50 52 53 57 60 62 
4 11 12 14 26 28 32 35 39 40 50 52 53 57 62 
0 4 12 14 26 32 35 39 40 50 52 53 57 60 62 67 
0 4 12 16 27 28 32 35 40 41 47 50 54 55 58 60 61 62 66 
0 16 20 26 41 46 47 54 56 58 60 61 
0 4 11 12 14 16 28 35 39 40 41 52 53 60 61 62 
0 4 11 14 28 32 39 50 57 60 61 62 
12 14 22 26 28 32 35 39 40 47 57 60 62 66 
0 4 16 35 39 46 50 53 56 57 58 60 61 
0 4 11 12 14 22 28 32 40 41 50 52 53 54 57 60 62 66 
11 12 14 20 22 28 32 35 39 40 50 52 53 57 60 62 
0 12 28 32 35 39 40 46 54 60 61 62 
4 11 12 14 26 28 32 39 40 50 53 57 60 62 
0 4 12 16 20 41 46 50 52 53 55 56 57 58 60 62 
0 14 20 28 32 35 39 40 53 56 57 58 61 63 67 
0 11 12 26 28 32 39 40 50 52 56 60 62 
11 12 14 20 39 40 47 50 52 53 57 58 60 61 62 63 
0 11 16 20 22 27 32 35 39 40 50 52 53 57 60 62 
0 4 12 22 26 28 32 35 40 46 47 50 52 55 56 57 60 67 
0 11 12 14 26 32 35 39 40 53 57 62 63 66 
0 12 14 16 20 22 26 27 28 35 39 41 47 50 52 53 57 60 62 
0 11 16 20 22 26 27 35 39 40 41 50 54 57 60 62 63 66 
4 22 28 35 39 50 53 55 57 58 60 61 62 63 
4 11 12 14 22 26 28 32 35 39 52 53 56 57 60 63 67 
11 12 14 26 28 32 35 40 50 53 57 60 62 
4 11 12 14 16 22 27 28 35 50 52 53 54 55 57 60 63 
4 12 16 20 22 26 28 35 39 40 41 53 58 61 63 67 
0 14 16 27 32 40 41 46 47 52 54 56 60 61 63 67 
0 4 12 14 16 26 28 32 35 39 40 50 52 53 54 57 58 60 62 66 67 
0 4 12 14 20 26 27 28 32 40 41 46 47 50 55 56 62 66 
12 14 22 26 40 50 52 53 55 56 57 60 62 
12 14 22 26 28 41 46 53 54 55 56 57 60 62 
0 4 11 12 26 28 32 35 40 47 50 52 53 57 60 62 
4 14 20 26 28 35 39 40 46 47 52 57 58 60 61 62 
0 4 16 20 27 39 40 50 53 54 55 56 58 62 67 
0 4 11 12 20 22 27 35 47 50 52 53 56 57 61 62 63 67 
4 11 12 14 16 26 35 39 40 50 52 53 55 57 60 62 
0 11 20 22 26 28 39 40 47 50 55 56 57 58 62 63 
0 4 12 14 26 28 32 39 41 50 57 60 62 66 
11 12 14 20 32 35 39 40 46 47 50 62 
4 11 14 22 32 39 52 53 57 60 62 
0 14 16 20 22 27 32 35 39 46 47 50 55 56 60 62 63 
0 4 11 12 16 26 32 41 50 53 57 60 62 
0 4 20 22 27 28 32 40 41 46 50 53 54 57 58 60 62 63 66 
4 11 12 14 22 26 32 35 39 47 50 52 53 57 60 62 
11 12 28 41 54 55 56 58 60 62 66 67 
0 4 11 12 16 20 22 27 35 39 40 41 46 50 54 55 58 60 62 
0 11 12 16 20 27 32 40 41 50 52 54 55 56 57 60 62 
0 4 11 14 16 26 35 39 40 50 52 53 55 60 62 
4 12 14 26 40 50 54 57 60 62 
4 11 12 14 16 26 28 32 35 39 40 50 52 53 58 60 62 63 
0 4 11 12 16 26 28 32 35 50 53 58 60 62 
0 16 20 22 27 41 47 54 56 58 61 62 66 67 
0 11 12 14 20 27 28 32 40 41 47 50 53 58 62 
4 20 22 26 28 32 35 39 40 47 50 52 53 55 56 57 58 60 62 
4 11 12 14 26 28 32 35 39 40 50 52 57 60 62 
12 14 20 26 28 32 35 39 40 50 52 53 57 58 60 62 
0 4 11 12 14 16 22 26 28 32 35 39 40 50 52 53 57 60 62 
0 11 12 16 22 27 41 46 47 50 52 54 55 56 58 61 
11 12 28 32 39 40 47 52 58 61 66 
0 11 12 14 20 26 28 35 39 40 50 52 55 57 62 
0 14 16 20 22 26 27 35 39 40 41 46 47 55 56 57 63 
0 14 16 28 32 35 39 46 50 52 53 54 55 56 62 66 67 
4 12 14 26 28 32 35 39 40 52 60 62 
4 11 12 26 28 32 35 40 50 52 53 54 57 60 62 
0 4 11 14 22 28 32 35 39 40 50 52 53 57 60 62 
0 20 26 27 28 32 35 39 41 46 50 52 53 56 57 61 63 
4 11 12 26 28 32 35 39 40 50 52 53 57 60 62 67 
4 11 12 14 16 22 28 32 39 50 56 57 58 61 62 
4 11 12 14 16 26 32 35 52 53 60 61 62 
4 11 12 14 16 26 28 32 35 39 40 41 50 53 57 60 62 
11 12 16 26 28 32 35 39 40 50 52 53 54 57 60 
11 12 14 16 20 28 32 40 47 50 53 54 55 57 62 
4 14 27 28 32 35 39 40 53 57 60 61 62 
14 20 26 32 35 40 46 47 52 53 60 62 
11 12 14 28 32 39 40 47 50 52 58 62 66 
11 12 14 26 28 32 35 40 46 47 50 52 53 57 60 63 66 
11 14 26 28 32 35 39 50 52 57 60 62 
4 11 12 14 20 22 26 28 32 35 39 40 41 50 52 53 54 57 58 60 62 
4 11 12 26 28 32 35 39 40 50 52 53 57 58 60 62 
0 11 14 16 20 22 26 27 35 41 47 50 52 53 57 60 62 
4 16 27 35 39 40 46 47 57 61 
22 26 27 28 35 41 50 54 55 56 63 66 67 
4 11 12 14 16 26 28 32 35 39 40 50 52 53 57 62 
0 11 16 20 22 28 32 35 39 40 41 50 57 60 62 
16 20 22 26 39 40 41 46 54 56 58 61 62 63 66 
11 12 22 26 27 28 35 39 40 41 47 50 52 53 56 57 60 62 
0 11 12 14 20 22 27 32 39 40 47 50 52 55 57 58 62 63 67 
0 16 20 27 35 40 41 46 54 55 56 57 62 67 
4 11 12 14 26 28 32 39 40 50 52 53 57 60 62 67 
4 11 12 14 27 32 35 39 40 50 52 53 57 60 62 
11 22 32 35 46 47 50 52 53 57 61 67 
4 11 12 14 26 28 32 35 39 40 50 52 53 57 60 
0 4 12 14 16 22 26 39 46 56 60 62 
4 11 12 14 28 39 40 50 52 53 57 60 62 
4 11 12 14 20 22 26 27 28 35 40 52 54 60 62 
0 4 11 12 14 16 26 35 39 40 50 52 53 55 57 60 62 
4 11 14 22 26 35 39 40 41 50 52 57 60 62 
4 11 12 14 26 28 35 40 50 52 53 57 58 60 62 
0 4 11 12 14 20 26 28 32 35 40 50 52 53 55 57 60 62 
0 4 11 12 14 26 28 32 35 39 40 50 52 53 57 60 62 63 
0 4 11 12 14 26 28 32 35 40 52 53 57 60 62 
0 11 12 14 16 26 28 32 35 39 40 52 53 57 62 
11 14 16 26 32 35 39 40 41 50 53 57 60 62 
0 4 12 16 27 28 32 35 39 40 47 50 53 55 56 60 
0 4 11 12 14 16 20 26 28 32 35 40 52 53 60 61 
4 11 16 20 26 28 32 35 39 40 46 47 52 53 54 56 57 
11 12 14 16 22 26 28 35 41 50 52 53 57 60 62 
4 11 12 14 22 27 40 41 46 47 52 54 55 56 
4 11 12 26 28 32 35 40 50 52 53 57 60 62 
4 12 14 26 28 32 35 39 40 50 52 53 57 60 62 
0 4 20 27 35 47 50 52 57 61 62 66 67 
4 11 12 14 26 28 32 35 39 50 52 53 57 60 
0 12 14 27 28 39 40 46 50 52 55 62 66 67 
4 11 12 14 20 35 39 40 52 53 57 58 60 62 
0 4 12 14 26 32 35 40 47 50 52 53 57 58 60 62 
0 4 11 12 16 22 26 32 35 39 41 47 56 57 60 62 
4 11 12 16 20 22 28 39 46 47 50 53 57 60 61 62 
11 28 35 40 46 54 58 60 62 
4 11 16 20 22 40 41 54 56 57 58 61 
0 4 11 12 14 26 27 28 32 39 40 46 52 57 60 62 63 
4 12 16 22 26 28 32 35 40 41 47 50 52 53 60 62 
4 11 12 14 22 26 28 32 35 39 40 50 53 56 57 60 62 
28 32 39 40 41 46 47 50 53 56 57 58 60 62 63 
4 11 12 14 20 26 28 32 35 39 40 50 52 53 55 57 60 62 67 
4 11 12 14 16 26 28 32 35 39 40 50 52 53 57 60 62 
0 4 12 14 26 28 35 40 52 62 
0 11 12 14 26 28 32 35 39 40 50 52 53 57 60 62 67 
4 11 12 16 26 28 32 39 40 46 47 50 52 53 55 57 60 62 
0 12 14 20 22 26 28 32 35 39 40 41 52 53 54 56 57 58 62 
0 11 20 22 26 35 39 40 46 47 52 53 58 60 61 
4 12 14 20 28 32 35 39 40 50 53 54 57 60 
11 12 14 26 28 32 35 39 40 41 46 50 52 53 57 60 62 
0 14 16 22 35 39 40 46 50 52 53 57 61 67 
0 16 20 22 28 40 41 50 56 58 63 
11 12 14 16 28 40 52 53 57 60 62 
4 11 12 16 26 32 35 40 41 52 57 60 62 
4 11 26 28 32 39 40 50 52 53 57 60 62 
11 12 14 28 35 39 40 46 50 52 54 57 58 60 62 63 
0 12 26 28 39 40 46 50 52 53 54 58 60 
0 14 20 26 27 28 35 39 41 46 47 50 53 55 58 60 62 
0 4 11 12 14 16 22 26 32 35 39 46 50 53 56 58 61 62 63 66 
4 12 14 16 22 26 27 50 52 53 57 60 62 
11 12 14 26 28 32 35 39 40 50 52 53 57 60 62 67 
4 11 12 22 26 28 35 39 40 47 50 52 53 57 60 62 
14 16 22 27 32 35 39 41 47 50 52 54 55 56 57 58 62 
0 4 11 14 16 22 26 27 35 40 41 50 52 54 55 56 57 60 61 62 63 66 
4 11 16 20 27 28 40 50 52 53 60 62 63 67 
0 4 11 12 14 32 39 40 47 50 52 53 55 56 57 58 60 62 
20 27 35 41 52 53 54 57 60 62 
0 4 14 27 41 50 52 56 57 58 60 62 
4 11 12 14 26 28 32 35 40 50 52 53 54 60 62 
0 14 16 20 22 26 28 32 50 54 57 60 61 62 63 66 67 
0 12 14 27 28 32 35 39 47 54 56 57 58 60 62 
4 12 14 16 27 32 35 46 50 52 54 57 60 61 63 
4 11 12 16 26 28 32 35 39 40 47 50 52 53 57 60 
11 12 14 32 35 39 40 50 53 54 57 60 61 62 67 
0 16 20 22 27 41 47 54 56 58 61 62 63 66 
4 12 14 26 27 32 35 39 40 46 52 57 58 60 62 
0 16 20 22 40 41 46 53 54 56 60 61 63 67 
14 16 20 22 27 28 35 41 46 47 54 56 58 61 
11 14 26 28 35 39 52 53 56 57 60 67 
0 4 11 14 16 20 28 35 39 46 50 52 53 56 62 
12 14 16 20 22 26 28 35 39 40 41 50 52 62 
4 11 12 14 20 28 32 35 39 40 46 50 53 57 60 62 
4 11 12 14 16 22 26 28 32 35 46 50 52 53 54 57 61 62 
26 28 32 35 46 52 53 57 62 
0 4 12 20 26 32 35 39 40 50 52 53 57 62 
4 11 14 26 28 32 35 39 41 52 53 56 57 58 60 61 
4 14 16 20 27 28 32 35 39 50 52 53 54 57 60 61 62 
0 12 14 16 20 26 27 35 39 40 50 52 53 57 60 62 
4 11 12 14 26 28 32 35 39 40 50 54 55 57 60 61 62 
0 4 11 12 14 16 26 28 32 35 39 47 50 52 53 54 57 62 
0 4 12 14 16 20 26 27 28 32 39 41 47 50 52 54 56 57 60 62 66 67 
0 4 22 26 27 28 32 35 41 46 52 53 54 56 57 58 60 67 
4 11 12 14 28 32 35 39 40 50 52 53 54 57 60 62 
11 20 26 27 28 32 39 40 46 50 53 55 62 
4 11 12 16 20 22 35 39 41 46 47 52 54 55 56 57 63 
0 4 12 14 20 26 39 46 52 53 57 60 62 
0 11 12 16 20 22 26 27 28 32 40 41 46 47 50 52 53 54 57 58 61 62 67 
0 16 22 26 52 53 55 56 57 58 60 61 62 
4 11 12 22 27 28 39 40 50 54 55 56 57 60 62 
0 12 16 20 22 39 41 46 47 54 55 56 58 60 61 62 63 66 
4 11 12 14 26 28 32 35 39 50 52 57 60 62 
4 12 14 16 28 32 39 40 46 50 52 53 57 60 62 
0 11 16 20 22 26 27 32 39 41 46 47 50 53 54 56 58 61 
4 11 12 14 26 28 32 35 39 40 50 52 53 56 57 60 62 
11 20 22 28 32 35 39 40 41 53 58 60 62 
4 11 12 14 16 26 28 35 39 40 50 52 55 56 60 62 
0 4 14 26 27 28 32 35 39 40 41 50 52 57 58 60 67 
4 11 12 14 16 22 26 27 32 35 39 40 47 53 60 62 67 
0 4 11 26 35 39 40 50 53 55 56 57 58 60 
0 11 12 16 27 28 32 39 40 46 47 50 52 53 54 57 60 62 
0 4 11 14 16 20 22 27 28 32 35 40 41 50 52 53 57 60 62 
12 14 20 22 26 35 39 41 46 47 53 55 57 58 62 63 
0 11 12 14 20 22 26 27 32 35 39 40 41 46 47 57 60 62 
14 16 20 26 27 28 32 39 40 50 52 53 55 57 60 62 63 
0 16 20 22 40 54 56 57 58 60 61 63 66 67 
4 11 14 20 28 39 41 46 47 50 53 54 56 57 58 62 66 
0 11 12 14 26 28 32 35 39 40 50 52 53 57 60 62 
4 11 12 14 26 28 32 39 40 52 53 54 57 58 60 62 
11 14 16 20 39 41 46 47 55 56 58 60 62 
4 11 12 20 26 28 32 39 40 50 52 57 60 61 62 
0 4 14 26 28 35 39 40 50 53 57 60 62 
0 4 12 14 20 22 26 28 32 39 40 47 50 52 53 57 62 63 66 67 
4 12 16 20 39 40 41 46 52 57 60 62 
0 16 20 26 27 35 39 41 47 50 54 56 58 61 62 63 66 67 
0 4 11 12 22 26 28 35 39 40 46 55 56 57 60 63 
4 11 12 14 16 20 22 26 28 32 35 39 40 50 52 53 57 60 61 62 63 
0 11 20 22 26 39 40 41 46 50 52 53 57 63 
0 4 20 22 32 47 54 56 58 60 61 
11 12 16 22 27 28 32 35 47 52 53 56 60 62 
0 11 12 16 26 28 32 39 40 50 53 57 60 62 66 
12 20 22 26 27 32 39 40 50 54 56 57 58 62 
0 4 11 12 16 26 28 32 35 39 40 50 52 53 57 60 
4 11 22 28 32 35 39 40 41 47 50 52 57 60 62 
11 12 14 26 28 32 35 39 40 46 52 57 60 62 
0 14 20 22 28 39 41 50 55 58 62 
14 16 27 28 39 41 52 54 58 60 
0 4 12 14 22 26 28 32 35 40 41 47 50 52 54 58 61 
4 11 12 14 16 26 35 50 52 53 60 62 
0 12 14 20 22 32 35 40 41 46 50 52 54 55 56 60 63 67 
4 11 12 14 20 26 28 32 35 39 40 50 52 57 58 60 61 62 
4 11 12 14 16 28 32 35 40 47 50 52 53 54 56 57 60 62 
11 12 14 26 32 35 39 40 46 50 52 53 57 60 62 
12 16 20 22 26 27 41 46 47 52 53 57 62 63 66 
0 4 16 20 27 32 41 46 47 52 54 56 57 58 61 62 
0 12 14 27 35 40 41 50 52 53 54 60 61 66 67 
0 16 20 22 27 41 46 47 56 58 61 62 63 66 
11 12 14 16 22 35 39 46 47 50 52 53 54 57 60 62 63 66 
0 16 20 26 28 39 46 47 52 53 54 56 58 62 67 
0 4 12 14 32 35 39 46 47 50 53 54 56 57 58 61 
4 11 12 22 26 32 35 39 50 52 53 56 57 60 62 
0 4 12 14 16 27 32 35 39 40 50 52 53 57 60 62 
12 14 28 32 35 39 40 41 47 50 52 53 61 62 66 
4 16 20 22 26 27 35 39 41 46 47 50 54 55 56 58 60 62 
4 11 12 14 20 22 26 28 35 39 40 47 50 52 53 55 57 58 62 
11 12 14 26 28 35 39 40 50 52 53 57 60 62 
0 16 20 22 26 27 39 40 46 47 50 54 57 60 62 
12 22 26 39 40 41 46 47 52 53 54 57 60 
0 12 22 26 27 32 35 39 47 50 52 53 54 55 57 62 63 
4 11 12 14 26 27 28 32 41 46 50 54 57 60 61 62 66 
4 11 12 14 26 28 32 35 39 40 46 50 52 53 56 57 60 62 
4 11 12 16 22 32 35 39 40 41 46 50 52 53 55 57 62 63 
4 11 12 14 16 22 26 27 28 32 35 39 40 46 53 54 57 60 62 
0 4 11 12 14 26 32 35 39 40 50 52 53 57 60 62 63 66 
4 14 28 35 39 50 52 53 57 62 63 
12 16 32 35 39 40 46 50 54 55 56 58 61 
0 14 16 20 22 27 35 41 52 53 57 58 66 
4 11 12 14 26 32 35 39 40 47 53 57 60 62 
0 4 11 14 28 32 39 50 53 55 60 62 66 
4 11 14 20 26 27 28 32 35 40 46 47 54 55 57 58 62 
4 11 12 14 26 32 35 39 40 41 50 52 57 60 62 67 
14 16 20 22 39 40 41 46 47 50 52 53 54 55 60 61 62 66 67 
0 4 11 12 14 26 28 35 39 40 50 52 53 61 67 
4 11 14 20 22 26 28 35 39 40 46 50 52 53 57 60 62 63 
11 14 26 32 39 40 46 50 52 57 62 
4 11 26 27 39 40 47 50 52 53 57 58 60 61 62 66 
0 4 11 12 14 26 28 32 35 39 40 46 53 57 58 60 62 66 
12 14 16 26 28 32 35 40 50 53 57 60 62 
4 12 26 28 32 35 39 40 50 52 53 57 60 62 
4 11 12 14 20 26 28 32 35 39 40 50 52 53 55 57 58 60 62 
26 27 35 39 40 41 50 57 58 61 63 66 
4 11 12 14 22 26 28 32 35 39 40 47 50 52 53 54 60 62 
4 11 12 14 16 26 27 28 32 35 39 40 47 50 52 57 60 62 
0 4 11 20 26 35 39 40 52 60 62 
0 4 12 16 28 35 39 40 41 46 50 52 54 55 56 57 60 62 67 
4 11 12 14 22 26 28 32 35 39 40 50 52 53 57 58 60 62 
0 4 11 12 14 22 26 50 52 53 57 60 62 
4 11 12 14 26 28 32 35 39 40 50 53 57 60 62 
4 11 12 14 26 28 32 39 40 41 52 53 57 58 60 62 
11 12 14 22 27 28 32 35 40 50 52 53 56 57 60 62 66 
11 12 14 28 32 35 40 50 52 53 58 60 61 62 
4 14 16 27 41 46 50 52 54 57 58 62 66 67 
0 12 16 28 39 40 46 52 53 54 56 57 58 62 
0 4 11 12 14 16 22 26 32 35 40 41 46 50 52 53 54 57 58 60 62 
4 11 16 22 26 27 28 32 35 39 40 41 47 52 58 60 61 62 66 
4 11 12 14 20 26 28 32 39 40 47 50 52 53 55 57 60 62 
0 4 11 22 27 41 47 53 54 56 58 
4 11 12 14 16 20 26 28 32 35 40 41 50 52 53 54 58 60 
4 11 12 14 26 28 32 35 39 40 41 50 52 53 54 57 60 62 
4 12 14 20 22 26 35 39 40 46 47 50 58 60 61 62 63 66 
0 4 11 12 14 16 20 26 32 40 46 50 52 54 55 57 60 62 
4 11 12 14 16 20 26 28 32 35 39 40 47 50 52 53 57 60 62 66 
0 4 12 16 20 26 27 32 35 39 41 47 50 52 53 57 58 60 62 
4 12 16 26 28 35 39 40 46 50 52 53 55 57 60 62 
4 11 14 16 26 28 35 39 40 50 52 53 55 58 60 67 
0 4 12 14 26 32 35 39 40 41 46 52 53 55 57 60 62 
12 16 20 27 28 32 39 40 50 53 55 57 60 62 67 
4 11 14 22 26 28 35 39 40 46 50 52 53 57 60 
0 14 20 22 27 40 50 52 54 57 58 62 63 67 
0 16 20 26 35 39 40 47 50 52 53 55 56 58 63 
0 11 12 16 20 22 27 35 40 46 47 53 55 56 58 60 62 
11 12 14 16 20 26 28 35 39 40 46 50 54 57 60 62 
0 4 11 12 14 20 26 28 32 35 39 40 50 52 53 57 60 62 63 
11 12 16 22 32 39 40 46 50 54 57 60 61 62 
0 12 27 28 32 39 40 41 46 50 54 55 56 57 58 61 63 66 67 
4 11 12 14 16 28 32 35 40 47 50 52 53 57 66 
4 12 14 16 26 28 35 39 40 50 52 53 57 60 62 
4 11 12 14 16 26 28 32 39 40 50 53 57 60 62 
0 16 20 22 27 40 41 47 56 58 61 62 
16 26 27 28 35 39 40 46 47 50 53 54 56 57 60 62 
0 11 16 20 26 39 40 46 50 53 54 56 57 63 66